20105
80311
83382
28159
37208
39055
93639
82850
40328
88839
15702
88861
6101
58972
98337
15002
10564
31858
96544
38223
30634
98651
73038
26017
49881
94864
14362
35025
99991
35774
79165
95971
1290
83514
11152
46623
99429
54709
35429
1967
4019
92249
96810
93438
34639
59853
87417
37056
79935
88639
62307
3071
80625
84062
36067
80923
60496
40143
59254
78455
10312
77337
84580
6715
99379
27084
82522
64383
38662
95135
81176
23090
8343
31019
41089
11918
4732
99437
94965
83879
35121
43916
65447
92635
50115
34876
73644
50506
80571
25449
29874
14256
83601
34318
48198
35935
3542
46492
57352
79805
94421
54505
19478
92669
25587
96132
57553
65233
80455
64942
67239
63451
94943
6176
76143
66060
38559
90556
53542
23830
26147
74431
