58040
7797
60419
55618
69891
83336
10866
94841
37568
94732
37596
14575
32391
98844
8191
89495
59578
68988
77030
58871
47113
68725
44053
13991
51488
63451
92896
85630
24141
63720
89693
50538
66241
34386
66524
25868
56471
70882
76397
34378
90654
51671
36497
42061
88316
860
67798
11739
97989
43189
25607
1533
74580
35445
30664
78233
45631
72313
73905
64769
90107
8892
30071
99027
78657
80737
75354
69
46736
90040
93627
54658
79792
81758
24410
83580
67118
55704
52487
68915
47646
18937
9280
11267
92856
17418
21823
54562
66399
43512
97358
7397
80645
97308
88862
44323
49335
46681
28782
43255
248
4439
29793
84510
82776
95892
71118
94954
34675
54472
85917
63244
4765
48600
42622
22802
77266
91122
24550
1662
