86278
62899
62061
81858
74980
53271
7599
93090
59503
64058
7448
95179
58378
87059
34501
67747
41540
55711
99986
83701
58402
16156
7042
21648
29504
98946
21730
78624
51428
40606
80775
50356
10594
5853
80183
92840
76623
70888
39642
34672
31555
28972
91239
73619
66227
64234
31578
45075
64314
64509
77884
90685
70081
50005
24407
86215
22404
89690
17378
40751
78274
23396
22348
68337
53863
54933
9247
22628
79420
86620
84363
80527
46813
99815
39580
87434
71237
96605
24489
65198
81452
48829
77077
78507
29566
24949
11853
21572
2408
61966
