84132
66523
63132
47430
14651
84474
17041
80936
98621
54513
11121
41712
38581
31269
99402
7295
80669
66019
9626
51520
80845
12042
13239
14856
7547
63228
90523
17901
14721
20246
69898
3136
9607
90992
99450
75276
58836
85105
13985
13131
83180
78228
49845
85833
52080
89593
6257
2083
36085
76532
46342
25241
87688
5089
84241
49960
71706
33058
18695
14856
90817
81166
67984
31972
63659
47140
27660
35866
89458
18739
9355
13454
63265
20640
21182
14534
67463
70509
62087
61498
1864
52675
92589
99849
45286
44060
4985
22051
35983
4098
77073
64004
82415
16455
15437
7142
87339
23021
71453
39032
