8624
1638
44031
45021
89825
13691
92039
55579
48288
53117
98581
70323
15949
18652
11728
97328
32955
28110
96242
38341
5004
86101
14380
48285
79522
11080
11021
36198
51374
88018
15103
92619
62601
54574
7293
73690
85371
83109
43308
9991
64842
49407
41096
69492
66091
19935
17239
8377
91344
3369
75812
68906
37530
50936
40599
74171
76410
83691
15512
65050
44878
18195
45068
66126
67681
24995
27638
34034
29937
57266
42659
94226
19808
90192
73489
28320
94350
31790
82791
68252
7224
7496
84953
60188
56548
57684
57906
98609
43193
15781
47187
88987
47917
77999
44572
97164
10799
72128
27639
67016
89621
34009
91194
52181
84868
96648
88351
33614
1032
29091
