original input:
20105, 80311, 83382, 28159, 37208
39055, 93639, 82850, 40328, 88839
15702, 88861, 6101, 58972, 98337
15002, 10564, 31858, 96544, 38223
30634, 98651, 73038, 26017, 49881
94864, 14362, 35025, 99991, 35774
79165, 95971, 1290, 83514, 11152
46623, 99429, 54709, 35429, 1967
4019, 92249, 96810, 93438, 34639
59853, 87417, 37056, 79935, 88639
62307, 3071, 80625, 84062, 36067
80923, 60496, 40143, 59254, 78455
10312, 77337, 84580, 6715, 99379
27084, 82522, 64383, 38662, 95135
81176, 23090, 8343, 31019, 41089
11918, 4732, 99437, 94965, 83879
35121, 43916, 65447, 92635, 50115
34876, 73644, 50506, 80571, 25449
29874, 14256, 83601, 34318, 48198
35935, 3542, 46492, 57352, 79805
94421, 54505, 19478, 92669, 25587
96132, 57553, 65233, 80455, 64942
67239, 63451, 94943, 6176, 76143
66060, 38559, 90556, 53542, 23830
26147, 74431

scheme 1 (division) - modulo: 120, bucket size: 1, linear
# of collisions: 1352, # of comparisons: 1472, records inserted: 120, load factor: 1.0
34318,  35935,  15002,  3542,  10564
46492,  57352,  79805,  37208,  40328
25449,  98651,  94421,  96132,  35774
79935,  60496,  57553,  65233,  99379
80455,  63451,  38662,  64942,  94943
54505,  6176,  62307,  25587,  35429
92669,  80311,  99991,  76143,  30634
66060,  90556,  53542,  11918,  93639
88839,  19478,  67239,  80923,  38559
94965,  23830,  1967,  65447,  41089
82850,  23090,  58972,  4732,  80571
39055,  81176,  98337,  31858,  4019
87417,  88861,  84062,  38223,  96544
20105,  94864,  46623,  36067,  99429
40143,  3071,  77337,  64383,  8343
31019,  50115,  99437,  73038,  28159
93438,  49881,  14362,  34639,  88639
79165,  27084,  82522,  35121,  92249
1290,  95971,  96810,  59853,  59254
78455,  37056,  26017,  95135,  34876
84580,  6101,  83382,  15702,  73644
35025,  80625,  50506,  14256,  54709
83601,  48198,  11152,  10312,  83514
6715,  43916,  92635,  29874,  83879
error: hash table is full
items unable to be stored in the hash table:
26147, 74431

scheme 2 (division) - modulo: 120, bucket size: 1, quadratic
# of collisions: 417, # of comparisons: 533, records inserted: 116, load factor: 0.9666666666666667
73644,  34318,  15002,  None,  10564
79805,  43916,  57352,  37208,  40328
25449,  98651,  83601,  96132,  35774
79935,  60496,  None,  66060,  99379
3542,  6176,  38662,  46492,  94943
54505,  80455,  62307,  25587,  35429
29874,  80311,  99991,  76143,  30634
92669,  None,  64942,  11918,  93639
88839,  19478,  67239,  80923,  57553
94965,  None,  1967,  65447,  41089
82850,  23090,  58972,  4732,  80571
39055,  81176,  98337,  31858,  4019
87417,  88861,  84062,  38223,  96544
20105,  46623,  94864,  36067,  99429
35935,  3071,  77337,  40143,  31019
50115,  34876,  99437,  73038,  28159
34639,  49881,  14362,  82522,  93438
79165,  65233,  27084,  48198,  92249
1290,  95971,  63451,  96810,  59853
59254,  37056,  26017,  78455,  64383
88639,  6101,  83382,  15702,  94421
35025,  80625,  50506,  8343,  54709
84580,  14256,  11152,  10312,  83514
6715,  95135,  35121,  92635,  83879
error: quadratic probing cannot find any more empty slots within 120 probes
items unable to be stored in the hash table:
38559, 90556, 53542, 23830, 26147
74431

scheme 3 (division) - modulo: 120, bucket size: 1, chaining
# of collisions: 62, # of comparisons: 155, records inserted: 120, load factor: 1.0
23830,  53542,  15002,  90556,  10564
79805,  38559,  66060,  37208,  25449
76143,  98651,  96132,  6176,  35774
79935,  60496,  94943,  63451,  99379
67239,  64942,  38662,  80455,  65233
54505,  57553,  62307,  25587,  35429
92669,  80311,  19478,  94421,  30634
57352,  46492,  3542,  11918,  93639
35935,  48198,  34318,  80923,  83601
94965,  14256,  1967,  29874,  41089
82850,  80571,  58972,  50506,  73644
39055,  81176,  98337,  31858,  4019
34876,  88861,  84062,  38223,  96544
20105,  50115,  36067,  92635,  99429
65447,  3071,  43916,  35121,  83879
99437,  4732,  31019,  73038,  28159
8343,  49881,  14362,  23090,  27084
79165,  95135,  64383,  82522,  92249
1290,  95971,  6715,  59853,  59254
78455,  37056,  26017,  84580,  77337
10312,  6101,  83382,  40143,  80625
35025,  88639,  87417,  34639,  54709
93438,  96810,  11152,  46623,  83514
99991,  94864,  15702,  88839,  40328
error: hash table is full
items unable to be stored in the hash table:
26147, 74431

scheme 4 (division) - modulo: 113, bucket size: 1, linear
# of collisions: 1408, # of comparisons: 1528, records inserted: 120, load factor: 1.0
94943,  35935,  98651,  80571,  67239
6176,  76143,  83514,  66060,  92669
38559,  30634,  14362,  90556,  53542
80923,  38662,  54709,  14256,  23830
3071,  82850,  28159,  88839,  36067
65447,  25449,  98337,  26017,  38223
40143,  37208,  10312,  78455,  95971
82522,  83879,  79805,  23090,  3542
73038,  92249,  96544,  88861,  79935
62307,  1967,  1290,  49881,  88639
60496,  59254,  77337,  6715,  99379
10564,  80625,  94864,  84580,  81176
35429,  34639,  31019,  11918,  4019
79165,  35774,  46623,  87417,  94965
39055,  41089,  43916,  50115,  34876
93639,  59853,  27084,  11152,  29874
34318,  80311,  96810,  73644,  48198
46492,  15002,  64383,  92635,  57352
94421,  35121,  54505,  19478,  8343
83601,  25587,  96132,  57553,  58972
40328,  83382,  99991,  99429,  20105
31858,  93438,  37056,  15702,  35025
84062,  95135,  6101,  4732,  99437
50506,  65233,  80455,  64942,  63451
error: hash table is full
items unable to be stored in the hash table:
26147, 74431

scheme 5 (division) - modulo: 113, bucket size: 1, quadratic
# of collisions: 441, # of comparisons: 559, records inserted: 118, load factor: 0.9833333333333333
19478,  35935,  98651,  80571,  67239
None,  57553,  83514,  94943,  54505
3542,  30634,  14362,  80455,  66060
80923,  38662,  54709,  14256,  92669
3071,  82850,  28159,  36067,  88839
25449,  65447,  98337,  26017,  38223
10312,  37208,  82522,  78455,  95971
65233,  83879,  79805,  40143,  23090
73038,  92249,  96544,  88861,  79935
62307,  1967,  1290,  49881,  6715
88639,  60496,  59254,  99379,  11918
10564,  80625,  94864,  31019,  84580
35429,  34639,  50115,  81176,  4019
79165,  35774,  46623,  87417,  94421
39055,  41089,  43916,  77337,  63451
93639,  59853,  27084,  11152,  34318
64942,  80311,  96810,  96132,  73644
46492,  15002,  64383,  92635,  57352
94965,  35121,  38559,  34876,  8343
83601,  48198,  29874,  90556,  58972
40328,  83382,  99991,  99429,  20105
31858,  93438,  76143,  15702,  35025
99437,  37056,  6101,  84062,  4732
25587,  None,  95135,  50506,  6176
error: quadratic probing cannot find any more empty slots within 120 probes
items unable to be stored in the hash table:
53542, 23830, 26147, 74431

scheme 6 (division) - modulo: 113, bucket size: 1, chaining
# of collisions: 58, # of comparisons: 144, records inserted: 120, load factor: 1.0
23830,  35935,  98651,  53542,  67239
90556,  38559,  83514,  66060,  92669
76143,  30634,  6176,  94943,  63451
80923,  38662,  54709,  14256,  64942
3071,  82850,  28159,  80455,  25449
65233,  57553,  98337,  40143,  38223
96132,  37208,  82522,  78455,  95971
25587,  19478,  54505,  23090,  3542
73038,  92249,  96544,  88861,  79935
77337,  1967,  1290,  49881,  46492
94421,  79805,  99379,  11918,  57352
10564,  80625,  94864,  48198,  34318
35429,  34639,  83601,  29874,  4019
79165,  35774,  46623,  87417,  80571
39055,  50506,  43916,  73644,  34876
93639,  59853,  27084,  11152,  50115
92635,  80311,  96810,  65447,  35121
83879,  15002,  94965,  99437,  4732
41089,  31019,  8343,  81176,  95135
64383,  6715,  84580,  10312,  58972
40328,  83382,  99429,  84062,  20105
31858,  59254,  60496,  15702,  36067
62307,  88639,  6101,  37056,  93438
99991,  35025,  14362,  26017,  88839
error: hash table is full
items unable to be stored in the hash table:
26147, 74431

scheme 7 (division) - modulo: 41, bucket size: 3, linear
# of collisions: 222, # of comparisons: 906, records inserted: 120, load factor: 3.0
[15702, 11152, 1967]
[31858, 4019, 92249]
[93438, 38662, 83601]
[34318, 94421, 19478]
[99429, 40143, 25587]
[98651, 35429, 87417]
[46623, 43916, 80571]
[30634, 23090, 41089]
[73644, 65233, 64942]
[96810, 59254, 94965]
[92669, 67239, 94943]
[38223, 35025, 77337]
[14362, 84062, 99437]
[64383, 65447, 50115]
[88861, 58972, 80455]
[20105, 54709, 95135]
[92635, 3542, 54505]
[73038, 4732, 76143]
[66060, 90556, 53542]
[98337, 1290, 80625]
[8343, 35935, 79805]
[37208, 60496, 10312]
[35774, 78455, 38559]
[39055, 26017, 31019]
[27084, 48198, 63451]
[40328, 49881, 35121]
[79935, 34876, 29874]
[10564, 6176, 23830]
[62307, 36067, 11918]
[83382, 25449, 14256]
[82850, 96544, 80923]
[94864, 95971, 82522]
[6715, 96132, 57553]
[80311, 28159, 88839]
[6101, 99991, 59853]
[79165, 34639, 37056]
[93639, 99379, 83879]
[15002, 3071, 81176]
[83514, 88639, 84580]
[50506, 46492, 57352]
error: hash table is full
items unable to be stored in the hash table:
26147, 74431

scheme 8 (division) - modulo: 41, bucket size: 3, quadratic
# of collisions: 241, # of comparisons: 963, records inserted: 120, load factor: 3.0
[15702, 11152, 1967]
[31858, 4019, 92249]
[83601, 34318, 65233]
[93438, 38662, 19478]
[99429, 40143, 57352]
[98651, 35429, 87417]
[46623, 43916, 80571]
[30634, 23090, 41089]
[73644, 90556, 53542]
[96810, 59254, 94965]
[50506, 92669, 67239]
[38223, 35025, 77337]
[14362, 84062, 99437]
[64383, 50115, 25587]
[88861, 58972, 65447]
[20105, 54709, 95135]
[92635, 3542, 54505]
[73038, 4732, 38559]
[57553, 80455, 94943]
[98337, 1290, 80625]
[8343, 35935, 79805]
[37208, 60496, 10312]
[35774, 78455, 66060]
[39055, 26017, 31019]
[27084, 48198, 96132]
[40328, 49881, 35121]
[79935, 34876, 29874]
[10564, 63451, 6176]
[62307, 36067, 11918]
[83382, 25449, 14256]
[82850, 96544, 80923]
[94864, 95971, 82522]
[6715, 76143, 23830]
[80311, 28159, 88839]
[6101, 99991, 59853]
[79165, 34639, 83879]
[93639, 37056, 99379]
[15002, 3071, 81176]
[83514, 88639, 84580]
[46492, 94421, 64942]
error: quadratic probing cannot find any more empty slots within 40 probes
items unable to be stored in the hash table:
26147, 74431

scheme 9 (multiplication) - bucket size: 1, linear
# of collisions: 730, # of comparisons: 850, records inserted: 120, load factor: 1.0
48198,  96132,  54709,  92249,  80455
67239,  35935,  19478,  40328,  34639
93639,  6715,  83879,  82850,  88861
38223,  3542,  29874,  49881,  80923
84062,  94864,  59853,  10312,  14362
79805,  28159,  65233,  63451,  94943
8343,  1290,  83601,  6176,  76143
90556,  53542,  11152,  39055,  31858
95971,  35429,  84580,  25449,  15702
64942,  26017,  41089,  82522,  23090
50506,  38662,  94421,  99437,  66060
23830,  96544,  65447,  83514,  73644
99429,  57352,  88839,  81176,  4732
35774,  79935,  34876,  20105,  43916
60496,  46623,  99379,  98337,  94965
6101,  35025,  36067,  92635,  79165
98651,  1967,  87417,  95135,  58972
80571,  14256,  11918,  40143,  15002
34318,  46492,  50115,  92669,  25587
31019,  57553,  37208,  38559,  27084
99991,  62307,  30634,  93438,  96810
4019,  37056,  78455,  77337,  83382
10564,  80311,  88639,  64383,  54505
73038,  35121,  3071,  80625,  59254
error: hash table is full
items unable to be stored in the hash table:
26147, 74431

scheme 10 (multiplication) - bucket size: 1, quadratic
# of collisions: 319, # of comparisons: 436, records inserted: 117, load factor: 0.975
48198,  57553,  54709,  92249,  67239
80455,  35935,  34318,  40328,  34639
93639,  6715,  3542,  82850,  88861
94943,  38223,  29874,  49881,  80923
84062,  94864,  59853,  83879,  14362
10312,  28159,  79805,  19478,  92669
8343,  1290,  83601,  6176,  None
65233,  96132,  11152,  39055,  31858
95971,  25449,  35429,  84580,  15702
66060,  26017,  41089,  82522,  23090
50506,  38662,  94421,  99437,  63451
76143,  96544,  65447,  83514,  73644
99429,  57352,  88839,  81176,  4732
35774,  79935,  34876,  20105,  43916
60496,  46623,  99379,  98337,  94965
6101,  35025,  46492,  36067,  79165
98651,  1967,  87417,  80571,  58972
95135,  14256,  11918,  40143,  15002
92635,  25587,  50115,  38559,  None
31019,  None,  37208,  64942,  27084
99991,  62307,  30634,  93438,  96810
4019,  64383,  37056,  78455,  83382
10564,  80311,  88639,  77337,  54505
73038,  35121,  3071,  80625,  59254
error: quadratic probing cannot find any more empty slots within 120 probes
items unable to be stored in the hash table:
90556, 53542, 23830, 26147, 74431

scheme 11 (multiplication) - bucket size: 1, chaining
# of collisions: 56, # of comparisons: 151, records inserted: 120, load factor: 1.0
48198,  23830,  54709,  53542,  90556
38559,  35935,  19478,  40328,  34639
93639,  6715,  66060,  82850,  88861
76143,  6176,  29874,  49881,  80923
84062,  94864,  59853,  94943,  14362
65233,  28159,  63451,  67239,  64942
8343,  1290,  80455,  57553,  96132
25587,  92669,  11152,  39055,  31858
95971,  25449,  54505,  94421,  15702
79805,  26017,  41089,  82522,  57352
50506,  38662,  46492,  99437,  3542
34318,  96544,  83601,  83514,  73644
99429,  14256,  88839,  81176,  4732
35774,  34876,  80571,  20105,  43916
60496,  46623,  50115,  98337,  92635
6101,  35025,  65447,  35121,  79165
98651,  87417,  83879,  94965,  58972
11918,  31019,  23090,  40143,  15002
95135,  64383,  27084,  99379,  84580
77337,  10312,  37208,  78455,  59254
99991,  62307,  30634,  93438,  96810
4019,  36067,  80625,  3071,  83382
88639,  80311,  79935,  37056,  92249
73038,  1967,  35429,  38223,  10564
error: hash table is full
items unable to be stored in the hash table:
26147, 74431
